restaurant_name,food_item,description,price,special_price,special_from,special_to,packaging_charge,max_packaging_charge,status,available_from,available_to,breakfast_available_from,breakfast_available_to,lunch_available_from,lunch_available_to,dinner_available_from,dinner_available_to,available_days,item_status,image,main_cat,sub_cat,recommended,ingredients,cat_order,product_order
PILOT SMOKEAT BBQ,Hot Wings Gril 5Pcs,,110,,,,0,0,Non Veg,06:30PM,09:30PM,,,,,,,"1,2,3,4,5,6,7",1,,BBQ Chicken,,0,,1,1
PILOT SMOKEAT BBQ,Smoky Drumstick Grill 2Pcs,,110,,,,0,0,Non Veg,06:30PM,09:30PM,,,,,,,"1,2,3,4,5,6,7",1,,BBQ Chicken,,0,,1,1
PILOT SMOKEAT BBQ,BBQ Lollipop 4Pcs,,110,,,,0,0,Non Veg,06:30PM,09:30PM,,,,,,,"1,2,3,4,5,6,7",1,,BBQ Chicken,,0,,1,2
PILOT SMOKEAT BBQ,BBQ Grilled Boneless 7Pcs,,110,,,,0,0,Non Veg,06:30PM,09:30PM,,,,,,,"1,2,3,4,5,6,7",1,,BBQ Chicken,,0,,1,2
PILOT SMOKEAT BBQ,BBQ Grilled Fish 3Pcs,,110,,,,0,0,Non Veg,06:30PM,09:30PM,,,,,,,"1,2,3,4,5,6,7",1,,BBQ Fish,,0,,2,2
PILOT SMOKEAT BBQ,BBQ Grilled Kaadai 2Pcs,,110,,,,0,0,Non Veg,06:30PM,09:30PM,,,,,,,"1,2,3,4,5,6,7",1,,BBQ Kaadai,,0,,3,2
PILOT SMOKEAT BBQ,Panner Grill 8Pcs,,110,,,,0,0,Non Veg,06:30PM,09:30PM,,,,,,,"1,2,3,4,5,6,7",1,,BBQ Veg,,0,,4,2
PILOT SMOKEAT BBQ,Pineapple Grill 8Pcs,,110,,,,0,0,Non Veg,06:30PM,09:30PM,,,,,,,"1,2,3,4,5,6,7",1,,BBQ Veg,,0,,4,2
PILOT SMOKEAT BBQ,Mushroom Grill 8Pcs,,110,,,,0,0,Non Veg,06:30PM,09:30PM,,,,,,,"1,2,3,4,5,6,7",1,,BBQ Veg,,0,,4,2
